ISS (ZARYA)             
1 25544U 98067A   18282.95420006  .00001517  00000-0  30497-4 0  9998
2 25544  51.6417 166.7930 0003577 263.9581 217.4567 15.53795630136369
FLOCK 2E'-14            
1 41762U 98067KJ  18282.73075452  .00367337  65894-4  83419-3 0  9997
2 41762  51.6211 102.1421 0007099 276.5829  83.4371 15.96925416118254
FLOCK 2E'-15            
1 41764U 98067KL  18282.54030268  .00237643  31911-4  75315-3 0  9999
2 41764  51.6257 107.6561 0005267 270.5779  89.4624 15.90769508118129
TIANGONG-2              
1 41765U 16057A   18282.78197059  .00004369  00000-0  57831-4 0  9999
2 41765  42.7863  18.8932 0008360 329.3104 173.5671 15.59659084117916
FLOCK 2E'-18            
1 41769U 98067KM  18281.89108877  .00239108  00000-0  77992-3 0  9995
2 41769  51.6279 110.8286 0004033 272.7931  87.2613 15.89466238118027
BANXING-2               
1 41834U 16057H   18282.56840253  .00030449  00000-0  13973-3 0  9999
2 41834  42.7802 312.7638 0012037  55.1659  81.3519 15.82932910112695
ITF-2                   
1 41932U 98067KU  18281.60584713  .00106092  00000-0  41158-3 0  9993
2 41932  51.6270 112.6680 0003566 260.1955  99.8646 15.86351406 98709
WASEDA-SAT3             
1 41933U 98067KV  18279.05129440  .08880754  12487-4  45483-3 0  9995
2 41933  51.6134 107.1518 0008522 281.0761  78.9308 16.42208149 98545
AOBA-VELOX 3            
1 41935U 98067KX  18282.68916593  .00321653  55218-4  58707-3 0  9995
2 41935  51.6278  96.4880 0005913 280.2675  79.7668 16.00824705 99112
LEMUR-2-REDFERN-GOES    
1 42059U 98067LA  18281.96700344  .00142962  00000-0  46796-3 0  9992
2 42059  51.6316 112.7868 0004185 269.2053  90.8473 15.89653258 91229
LEMUR-2-AUSTINTACIOUS   
1 42068U 98067LD  18276.57796935  .05750731  12379-4  45595-3 0  9990
2 42068  51.6138 125.1133 0009436 273.2644 116.3545 16.39102120 90506
LEMUR-2-TRUTNAHD        
1 42069U 98067LE  18282.74290021  .00187886  24829-4  48454-3 0  9992
2 42069  51.6233 104.3394 0004742 275.4681  84.5786 15.94773148 91385
HAVELSAT                
1 42700U 98067LH  18282.77405190  .00064297  00000-0  35764-3 0  9993
2 42700  51.6280 125.8615 0001884 305.2082  54.8742 15.78855035 80078
CXBN-2                  
1 42704U 98067LM  18282.57575321  .00061429  00000-0  35043-3 0  9993
2 42704  51.6305 128.3301 0002325 227.5125 132.5680 15.78309859 79942
ICECUBE                 
1 42705U 98067LN  18276.06534946  .17607533  12691-4  36390-3 0  9998
2 42705  51.6425 140.2579 0007226 336.1768  24.0803 16.46477481 79261
PHOENIX                 
1 42706U 98067LP  18282.76233986  .00037795  00000-0  25917-3 0  9992
2 42706  51.6326 130.3541 0001468 216.5798 143.5101 15.74332009 79924
X-CUBESAT               
1 42707U 98067LQ  18282.81575905  .00075872  00000-0  39314-3 0  9993
2 42707  51.6296 124.5445 0002259 233.2703 126.8091 15.80351282 79990
QBEE50-LTU-OC           
1 42708U 98067LR  18282.78589440  .00062124  00000-0  35146-3 0  9994
2 42708  51.6294 126.7045 0001426 214.7386 145.3521 15.78492321 79929
ALTAIR PATHFINDER       
1 42711U 98067LS  18282.81195114  .00023087  00000-0  21163-3 0  9992
2 42711  51.6339 142.0019 0003164 237.3998 122.6694 15.67648784 79435
SHARC                   
1 42712U 98067LT  18282.81010969  .00042650  00000-0  35032-3 0  9994
2 42712  51.6346 142.8067 0002175 220.2766 139.8070 15.69997956 79663
ZA-AEROSAT              
1 42713U 98067LU  18282.76778601  .00036799  00000-0  26921-3 0  9997
2 42713  51.6323 134.1332 0002299 216.6275 143.4566 15.72829396 79532
CSUNSAT 1               
1 42715U 98067LW  18282.78704948  .00041193  00000-0  28591-3 0  9993
2 42715  51.6321 132.7782 0003402 228.8682 131.2024 15.74005158 79559
SPACECUBE               
1 42717U 98067LY  18282.75910881  .00060870  00000-0  34643-3 0  9995
2 42717  51.6253 127.2106 0001302 288.5607  71.5252 15.78367303 78994
HOOPOE                  
1 42718U 98067LZ  18282.75134674  .00102974  00000-0  43148-3 0  9996
2 42718  51.6252 121.0970 0002558 253.9163 106.1559 15.84770794 79076
NJUST-1                 
1 42722U 98067MB  18282.78188557  .00032396  00000-0  25210-3 0  9993
2 42722  51.6331 136.5192 0003542 295.4784  64.5847 15.71426610 78572
UNSW-ECO                
1 42723U 98067MC  18282.71291105  .00141974  00000-0  51388-3 0  9999
2 42723  51.6354 120.2060 0003593 270.0642  89.9951 15.87645922 78764
LILACSAT-1              
1 42725U 98067ME  18282.77664646  .00047922  00000-0  30526-3 0  9990
2 42725  51.6339 131.1991 0002611 282.2794  77.7913 15.75920308 78546
NSIGHT-1                
1 42726U 98067MF  18282.80112533  .00016371  00000-0  17748-3 0  9993
2 42726  51.6374 148.7843 0003969 301.6938  58.3670 15.63682048 78323
SNUSAT-1                
1 42727U 98067MG  18282.79084030  .00049232  00000-0  31487-3 0  9990
2 42727  51.6307 131.2134 0004769 257.3678 102.6788 15.75806752 78514
I-INSPIRE II            
1 42731U 98067ML  18282.77214396  .00155642  00000-0  52278-3 0  9997
2 42731  51.6310 118.2209 0005343 246.8391 113.2051 15.89095639 78571
POLYITAN-2-SAU          
1 42732U 98067MM  18282.77684576  .00071366  00000-0  37672-3 0  9990
2 42732  51.6305 125.8487 0004815 244.2254 115.8251 15.79957329 78472
SNUSAT-1B               
1 42733U 98067MN  18282.75690159  .00054894  00000-0  33077-3 0  9995
2 42733  51.6287 129.5100 0004768 248.4710 111.5782 15.77115756 78420
EXALTA-1                
1 42734U 98067MP  18282.77890077  .00204181  26725-4  60362-3 0  9998
2 42734  51.6217 116.6094 0005542 266.2382  93.7990 15.92156833 78540
BEEAGLESAT              
1 42736U 98067MR  18282.76205155  .00044024  00000-0  29806-3 0  9996
2 42736  51.6322 132.5673 0003506 288.6824  71.3795 15.74551308 78446
ASTERIA                 
1 43020U 98067NH  18282.77560648  .00019493  00000-0  22508-3 0  9999
2 43020  51.6410 157.6804 0002044 222.8843 137.1991 15.61916184 50387
DELLINGR (RBLE)         
1 43021U 98067NJ  18282.79913938  .00010606  00000-0  13975-3 0  9991
2 43021  51.6391 160.7895 0001996 211.3527 148.7347 15.59028066 50347
OSIRIS-3U               
1 43027U 98067NL  18282.77095362  .00060439  00000-0  45579-3 0  9991
2 43027  51.6342 147.7779 0003397 197.9485 162.1394 15.71889133 50395
1KUNS-PF                
1 43466U 98067NP  18282.82093975  .00018427  00000-0  24600-3 0  9994
2 43466  51.6390 164.6747 0001191 139.0617 221.0465 15.58128823 23551
UBAKUSAT                
1 43467U 98067NQ  18282.71937586  .00012772  00000-0  17731-3 0  9992
2 43467  51.6391 165.4998 0002829 179.7843 180.3151 15.57407116 23543
BATSU-CS1 (IRAZU)       
1 43468U 98067NR  18282.08847799  .00026893  00000-0  34830-3 0  9997
2 43468  51.6394 168.0337 0001329 132.9343 227.1761 15.58684544123432
SOYUZ-MS 09             
1 43493U 18051A   18281.52834576  .00001163  00000-0  25093-4 0  9992
2 43493  51.6419 173.8981 0003519 258.8803 161.5059 15.53788178136145
PROGRESS-MS 09          
1 43537U 18058A   18281.52834576  .00001163  00000-0  25093-4 0  9998
2 43537  51.6419 173.8981 0003519 258.8803 161.5059 15.53788178136144
CUBERRT                 
1 43546U 98067NU  18282.08199150  .00026200  00000-0  37175-3 0  9992
2 43546  51.6393 170.2330 0005112 256.5797 103.4625 15.56237638 13558
TEMPEST-D               
1 43547U 98067NV  18282.80465625  .00005585  00000-0  87488-4 0  9992
2 43547  51.6389 166.8075 0005184 262.6531  97.3871 15.55400361 13349
1998-067NW              
1 43548U 98067NW  18282.28393472  .00014009  00000-0  20491-3 0  9996
2 43548  51.6390 169.3302 0005028 267.0666  92.9750 15.55885797 13716
HALOSAT                 
1 43549U 98067NX  18282.22008699  .00015560  00000-0  22691-3 0  9992
2 43549  51.6391 169.6539 0005057 268.9264  91.1148 15.55871143 13261
1998-067NY              
1 43550U 98067NY  18282.07050242  .00024216  00000-0  33930-3 0  9994
2 43550  51.6384 170.1546 0003713 282.8845  77.1732 15.56632682 13703
ENDUROSAT ONE           
1 43551U 98067NZ  18282.13628214  .00018358  00000-0  26174-3 0  9994
2 43551  51.6388 169.8442 0005438 276.2134  83.8238 15.56345891 13665
EQUISAT                 
1 43552U 98067PA  18282.78254896  .00012887  00000-0  18709-3 0  9993
2 43552  51.6388 166.6616 0005706 279.8355  80.1992 15.56172552 13722
1998-067PB              
1 43553U 98067PB  18281.95213742  .00013510  00000-0  19737-3 0  9993
2 43553  51.6398 170.8677 0005926 277.9590  82.0728 15.55952131 13649
1998-067PC              
1 43554U 98067PC  18281.94099185  .00018328  00000-0  26077-3 0  9993
2 43554  51.6390 170.7912 0005554 276.0954  83.9405 15.56403202 13175
AEROCUBE 12A            
1 43556U 18046C   18282.18184694  .00001245  00000-0  57907-4 0  9998
2 43556  51.6417 187.1487 0007760 246.9824 113.0337 15.27884765 12947
AEROCUBE 12B            
1 43557U 18046D   18282.24776778  .00000811  00000-0  42246-4 0  9994
2 43557  51.6426 186.8383 0007852 247.0932 112.9219 15.27855686 12906
LEMUR-2-VU              
1 43558U 18046E   18282.17355855  .00004145  00000-0  16166-3 0  9991
2 43558  51.6406 187.0968 0007134 248.0458 111.9764 15.28109845 12931
LEMUR-2-ALEXANDER       
1 43559U 18046F   18281.91167179  .00004746  00000-0  18321-3 0  9995
2 43559  51.6405 188.3479 0007172 246.8844 113.1380 15.28117458 12677
LEMUR-2-TOMHENDERSON    
1 43560U 18046G   18282.17505012  .00004892  00000-0  18861-3 0  9999
2 43560  51.6406 187.1042 0007550 263.4296  96.5824 15.28086624 12935
LEMUR-2-YUASA           
1 43561U 18046H   18282.17488960  .00004285  00000-0  16679-3 0  9993
2 43561  51.6405 187.1037 0007544 263.6310  96.3811 15.28092779 12494
SIRIUSSAT 1             
1 43595U 98067PG  18282.12648564  .00016562  00000-0  24577-3 0  9991
2 43595  51.6391 170.5227 0003164 226.6201 133.4527 15.55345313  8468
SIRIUSSAT 2             
1 43596U 98067PH  18282.13131224  .00016132  00000-0  24084-3 0  9999
2 43596  51.6399 170.5605 0003760 232.7457 127.3191 15.55200761  8466
1998-067PJ              
1 43597U 98067PJ  18282.12840015  .00019743  00000-0  29113-3 0  9993
2 43597  51.6380 170.5312 0003021 244.5937 115.4741 15.55381323  8469
1998-067PK              
1 43598U 98067PK  18282.12984686  .00019246  00000-0  28430-3 0  9996
2 43598  51.6383 170.5422 0003299 243.2187 116.8466 15.55351779  8466
HTV-7 (KOUNOTORI 7)     
1 43630U 18073A   18281.52834576  .00001163  00000-0  25093-4 0  9999
2 43630  51.6419 173.8981 0003519 258.8803 161.5059 15.53788178136148
1998-067PN              
1 43638U 98067PN  18280.93810304 -.00000471  00000-0  13230-6 0  9999
2 43638  51.6390 176.8356 0002221 214.8885 145.1957 15.54382569   201
1998-067PP              
1 43639U 98067PP  18282.22377529  .00010630  00000-0  16535-3 0  9996
2 43639  51.6393 170.4220 0004675 230.0667 129.9919 15.54498099   404
1998-067PQ              
1 43640U 98067PQ  18282.86654957  .00011534  00000-0  17842-3 0  9997
2 43640  51.6388 167.2133 0005170 226.5583 133.4978 15.54551717   508
